0.000000 	 0.000000 	 5.000000 	 15.000000
10.000000 	 3.999978 	 5.000000 	 15.000000
20.000000 	 6.266945 	 5.000000 	 14.823185
30.000000 	 8.689216 	 5.000000 	 14.659444
40.000000 	 11.255000 	 5.000000 	 14.509184
50.000000 	 13.950295 	 5.000000 	 14.372753
60.000000 	 16.760843 	 5.000000 	 14.250437
70.000000 	 19.672215 	 5.000000 	 14.142449
80.000000 	 22.669846 	 5.000000 	 14.048944
90.000000 	 25.739128 	 5.000000 	 13.970006
100.000000 	 28.865465 	 5.000000 	 13.905657
110.000000 	 32.034328 	 5.000000 	 13.855859
120.000000 	 35.231312 	 5.000000 	 13.820510
130.000000 	 38.442211 	 5.000000 	 13.799449
140.000000 	 41.653072 	 5.000000 	 13.792459
150.000000 	 44.850365 	 5.000000 	 13.799266
160.000000 	 48.020779 	 5.000000 	 13.819547
170.000000 	 51.151260 	 5.000000 	 13.852924
180.000000 	 54.229355 	 5.000000 	 13.898976
190.000000 	 57.243080 	 5.000000 	 13.957232
200.000000 	 60.181004 	 5.000000 	 14.027184
210.000000 	 63.032261 	 5.000000 	 14.108278
220.000000 	 65.786568 	 5.000000 	 14.199935
230.000000 	 68.434303 	 5.000000 	 14.301534
240.000000 	 70.966492 	 5.000000 	 14.412430
250.000000 	 73.374840 	 5.000000 	 14.531950
260.000000 	 75.651764 	 5.000000 	 14.659402
270.000000 	 77.790405 	 5.000000 	 14.794072
280.000000 	 79.784630 	 5.000000 	 14.935231
290.000000 	 81.629082 	 5.000000 	 15.082140
300.000000 	 83.319099 	 5.000000 	 15.234050
310.000000 	 84.850838 	 5.000000 	 15.390206
320.000000 	 86.221176 	 5.000000 	 15.549853
330.000000 	 87.427765 	 5.000000 	 15.712237
340.000000 	 88.468971 	 5.000000 	 15.876607
350.000000 	 89.343948 	 5.000000 	 16.042221
360.000000 	 90.052528 	 5.000000 	 16.208349
370.000000 	 90.595284 	 5.000000 	 16.374271
380.000000 	 90.973473 	 5.000000 	 16.539286
390.000000 	 91.189026 	 5.000000 	 16.702711
400.000000 	 91.244530 	 5.000000 	 16.863886
410.000000 	 0.000000 	 5.000000 	 17.022173
420.000000 	 91.491898 	 5.000000 	 16.789141
430.000000 	 91.462433 	 5.000000 	 16.949930
440.000000 	 0.000000 	 5.000000 	 17.107477
450.000000 	 91.627365 	 5.000000 	 16.872793
460.000000 	 0.000000 	 5.000000 	 17.032537
470.000000 	 91.864761 	 5.000000 	 16.799305
480.000000 	 91.823082 	 5.000000 	 16.961483
490.000000 	 0.000000 	 5.000000 	 17.120340
500.000000 	 91.974854 	 5.000000 	 16.885406
510.000000 	 0.000000 	 5.000000 	 17.046385
520.000000 	 92.198189 	 5.000000 	 16.812885
530.000000 	 92.141212 	 5.000000 	 16.976219
540.000000 	 0.000000 	 5.000000 	 17.136145
550.000000 	 92.277092 	 5.000000 	 16.900904
560.000000 	 0.000000 	 5.000000 	 17.062866
570.000000 	 92.483932 	 5.000000 	 16.829046
580.000000 	 92.409462 	 5.000000 	 16.993282
590.000000 	 0.000000 	 5.000000 	 17.154018
600.000000 	 92.527557 	 5.000000 	 16.918430
610.000000 	 0.000000 	 5.000000 	 17.081120
620.000000 	 92.716324 	 5.000000 	 16.846945
630.000000 	 0.000000 	 5.000000 	 17.011824
640.000000 	 92.971268 	 5.000000 	 16.778994
650.000000 	 92.942345 	 5.000000 	 16.946274
660.000000 	 0.000000 	 5.000000 	 17.110189
670.000000 	 93.101341 	 5.000000 	 16.875452
680.000000 	 0.000000 	 5.000000 	 17.041416
690.000000 	 93.327003 	 5.000000 	 16.808012
700.000000 	 93.267662 	 5.000000 	 16.976244
710.000000 	 0.000000 	 5.000000 	 17.140963
720.000000 	 93.396370 	 5.000000 	 16.905628
730.000000 	 0.000000 	 5.000000 	 17.072262
740.000000 	 93.591751 	 5.000000 	 16.838261
750.000000 	 0.000000 	 5.000000 	 17.007032
760.000000 	 93.849396 	 5.000000 	 16.774296
770.000000 	 93.819511 	 5.000000 	 16.945404
780.000000 	 0.000000 	 5.000000 	 17.113070
790.000000 	 93.973755 	 5.000000 	 16.878277
800.000000 	 0.000000 	 5.000000 	 17.047899
810.000000 	 94.191315 	 5.000000 	 16.814369
820.000000 	 94.120346 	 5.000000 	 16.986155
830.000000 	 0.000000 	 5.000000 	 17.154310
840.000000 	 94.234299 	 5.000000 	 16.918716
850.000000 	 0.000000 	 5.000000 	 17.088663
860.000000 	 4.259747 	 5.000000 	 16.854343
870.000000 	 7.610867 	 5.000000 	 16.642691
880.000000 	 12.006421 	 5.000000 	 16.449400
890.000000 	 18.312990 	 5.000000 	 16.278559
900.000000 	 15.655242 	 5.000000 	 16.137865
910.000000 	 18.949572 	 5.000000 	 15.988589
920.000000 	 21.222574 	 5.000000 	 15.856224
930.000000 	 22.468819 	 5.000000 	 15.736096
940.000000 	 24.697540 	 5.000000 	 15.623599
950.000000 	 37.224930 	 5.000000 	 15.522767
960.000000 	 27.023129 	 5.000000 	 15.477194
970.000000 	 40.678356 	 5.000000 	 15.389094
980.000000 	 54.330944 	 5.000000 	 15.360806
990.000000 	 67.924477 	 5.000000 	 15.391159
1000.000000 	 81.402328 	 5.000000 	 15.478765
1010.000000 	 94.709091 	 5.000000 	 15.622021
1020.000000 	 100.000000 	 5.000000 	 15.819121
1030.000000 	 100.000000 	 5.000000 	 16.034916
1040.000000 	 100.000000 	 5.000000 	 16.246527
1050.000000 	 100.000000 	 5.000000 	 16.454035
1060.000000 	 100.000000 	 5.000000 	 16.657522
1070.000000 	 100.000000 	 5.000000 	 16.857065
1080.000000 	 100.000000 	 5.000000 	 17.052740
1090.000000 	 100.000000 	 5.000000 	 17.244623
1100.000000 	 100.000000 	 5.000000 	 17.432785
1110.000000 	 100.000000 	 5.000000 	 17.617300
1120.000000 	 100.000000 	 5.000000 	 17.798239
1130.000000 	 100.000000 	 5.000000 	 17.975670
1140.000000 	 100.000000 	 5.000000 	 18.149662
1150.000000 	 100.000000 	 5.000000 	 18.320282
1160.000000 	 100.000000 	 5.000000 	 18.487595
1170.000000 	 100.000000 	 5.000000 	 18.651665
1180.000000 	 100.000000 	 5.000000 	 18.812553
1190.000000 	 100.000000 	 5.000000 	 18.970324
1200.000000 	 100.000000 	 5.000000 	 19.125036
1210.000000 	 100.000000 	 5.000000 	 19.276751
1220.000000 	 100.000000 	 5.000000 	 19.425524
1230.000000 	 100.000000 	 5.000000 	 19.571413
1240.000000 	 100.000000 	 5.000000 	 19.714476
1250.000000 	 100.000000 	 5.000000 	 19.854763
1260.000000 	 100.000000 	 5.000000 	 19.992332
1270.000000 	 100.000000 	 5.000000 	 20.127235
1280.000000 	 100.000000 	 5.000000 	 20.259523
1290.000000 	 100.000000 	 5.000000 	 20.389248
1300.000000 	 100.000000 	 5.000000 	 20.516457
1310.000000 	 100.000000 	 5.000000 	 20.641199
1320.000000 	 100.000000 	 5.000000 	 20.763523
1330.000000 	 100.000000 	 5.000000 	 20.883478
1340.000000 	 100.000000 	 5.000000 	 21.001106
1350.000000 	 100.000000 	 5.000000 	 21.116455
1360.000000 	 100.000000 	 5.000000 	 21.229567
1370.000000 	 100.000000 	 5.000000 	 21.340487
1380.000000 	 100.000000 	 5.000000 	 21.449257
1390.000000 	 100.000000 	 5.000000 	 21.555920
1400.000000 	 100.000000 	 5.000000 	 21.660515
1410.000000 	 100.000000 	 5.000000 	 21.763083
1420.000000 	 100.000000 	 5.000000 	 21.863661
1430.000000 	 100.000000 	 5.000000 	 21.962292
1440.000000 	 100.000000 	 5.000000 	 22.059010
1450.000000 	 100.000000 	 5.000000 	 22.153852
1460.000000 	 100.000000 	 5.000000 	 22.246859
1470.000000 	 100.000000 	 5.000000 	 22.338060
1480.000000 	 100.000000 	 5.000000 	 22.427494
1490.000000 	 100.000000 	 5.000000 	 22.515196
1500.000000 	 100.000000 	 5.000000 	 22.601196
1510.000000 	 100.000000 	 5.000000 	 22.685530
1520.000000 	 100.000000 	 5.000000 	 22.768229
1530.000000 	 100.000000 	 5.000000 	 22.849323
1540.000000 	 100.000000 	 5.000000 	 22.928848
1550.000000 	 100.000000 	 5.000000 	 23.006830
1560.000000 	 100.000000 	 5.000000 	 23.083302
1570.000000 	 100.000000 	 5.000000 	 23.158291
1580.000000 	 100.000000 	 5.000000 	 23.231825
1590.000000 	 100.000000 	 5.000000 	 23.303936
1600.000000 	 100.000000 	 5.000000 	 23.374647
1610.000000 	 100.000000 	 5.000000 	 23.443989
1620.000000 	 100.000000 	 5.000000 	 23.511986
1630.000000 	 100.000000 	 5.000000 	 23.578665
1640.000000 	 100.000000 	 5.000000 	 23.644053
1650.000000 	 100.000000 	 5.000000 	 23.708172
1660.000000 	 100.000000 	 5.000000 	 23.771048
1670.000000 	 100.000000 	 5.000000 	 23.832705
1680.000000 	 100.000000 	 5.000000 	 23.893167
1690.000000 	 100.000000 	 5.000000 	 23.952457
1700.000000 	 100.000000 	 5.000000 	 24.010599
1710.000000 	 100.000000 	 5.000000 	 24.067614
1720.000000 	 100.000000 	 5.000000 	 24.123524
1730.000000 	 100.000000 	 5.000000 	 24.178349
1740.000000 	 100.000000 	 5.000000 	 24.232111
1750.000000 	 100.000000 	 5.000000 	 24.284830
1760.000000 	 100.000000 	 5.000000 	 24.336529
1770.000000 	 100.000000 	 5.000000 	 24.387226
1780.000000 	 100.000000 	 5.000000 	 24.436941
1790.000000 	 100.000000 	 5.000000 	 24.485693
1800.000000 	 100.000000 	 5.000000 	 24.533499
1810.000000 	 100.000000 	 5.000000 	 24.580379
1820.000000 	 100.000000 	 5.000000 	 24.626350
1830.000000 	 100.000000 	 5.000000 	 24.671431
1840.000000 	 100.000000 	 5.000000 	 24.715635
1850.000000 	 100.000000 	 5.000000 	 24.758986
1860.000000 	 100.000000 	 5.000000 	 24.801493
1870.000000 	 100.000000 	 5.000000 	 24.843178
1880.000000 	 100.000000 	 5.000000 	 24.884054
1890.000000 	 100.000000 	 5.000000 	 24.924137
1900.000000 	 100.000000 	 5.000000 	 24.963444
1910.000000 	 100.000000 	 5.000000 	 25.001987
1920.000000 	 100.000000 	 5.000000 	 25.039785
1930.000000 	 100.000000 	 5.000000 	 25.076851
1940.000000 	 100.000000 	 5.000000 	 25.113197
1950.000000 	 100.000000 	 5.000000 	 25.148840
1960.000000 	 100.000000 	 5.000000 	 25.183790
1970.000000 	 100.000000 	 5.000000 	 25.218065
1980.000000 	 100.000000 	 5.000000 	 25.251675
1990.000000 	 100.000000 	 5.000000 	 25.284634
2000.000000 	 100.000000 	 5.000000 	 25.316952
2010.000000 	 100.000000 	 5.000000 	 25.348644
2020.000000 	 100.000000 	 5.000000 	 25.379723
2030.000000 	 100.000000 	 5.000000 	 25.410198
2040.000000 	 100.000000 	 5.000000 	 25.440084
2050.000000 	 100.000000 	 5.000000 	 25.469391
2060.000000 	 100.000000 	 5.000000 	 25.498129
2070.000000 	 100.000000 	 5.000000 	 25.526310
2080.000000 	 100.000000 	 5.000000 	 25.553946
2090.000000 	 100.000000 	 5.000000 	 25.581045
2100.000000 	 100.000000 	 5.000000 	 25.607620
2110.000000 	 100.000000 	 5.000000 	 25.633680
2120.000000 	 100.000000 	 5.000000 	 25.659235
2130.000000 	 100.000000 	 5.000000 	 25.684294
2140.000000 	 100.000000 	 5.000000 	 25.708866
2150.000000 	 100.000000 	 5.000000 	 25.732962
2160.000000 	 100.000000 	 5.000000 	 25.756592
2170.000000 	 100.000000 	 5.000000 	 25.779764
2180.000000 	 100.000000 	 5.000000 	 25.802486
2190.000000 	 100.000000 	 5.000000 	 25.824768
2200.000000 	 100.000000 	 5.000000 	 25.846617
2210.000000 	 100.000000 	 5.000000 	 25.868042
2220.000000 	 100.000000 	 5.000000 	 25.889053
2230.000000 	 100.000000 	 5.000000 	 25.909658
2240.000000 	 100.000000 	 5.000000 	 25.929863
2250.000000 	 100.000000 	 5.000000 	 25.949677
2260.000000 	 100.000000 	 5.000000 	 25.969105
2270.000000 	 100.000000 	 5.000000 	 25.988157
2280.000000 	 100.000000 	 5.000000 	 26.006840
2290.000000 	 100.000000 	 5.000000 	 26.025162
2300.000000 	 100.000000 	 5.000000 	 26.043127
2310.000000 	 100.000000 	 5.000000 	 26.060743
2320.000000 	 100.000000 	 5.000000 	 26.078018
2330.000000 	 100.000000 	 5.000000 	 26.094959
2340.000000 	 100.000000 	 5.000000 	 26.111572
2350.000000 	 100.000000 	 5.000000 	 26.127863
2360.000000 	 100.000000 	 5.000000 	 26.143837
2370.000000 	 100.000000 	 5.000000 	 26.159502
2380.000000 	 100.000000 	 5.000000 	 26.174862
2390.000000 	 100.000000 	 5.000000 	 26.189926
2400.000000 	 100.000000 	 5.000000 	 26.204697
2410.000000 	 100.000000 	 5.000000 	 26.219183
2420.000000 	 100.000000 	 5.000000 	 26.233387
2430.000000 	 100.000000 	 5.000000 	 26.247316
2440.000000 	 100.000000 	 5.000000 	 26.260977
2450.000000 	 100.000000 	 5.000000 	 26.274370
2460.000000 	 100.000000 	 5.000000 	 26.287506
2470.000000 	 100.000000 	 5.000000 	 26.300386
2480.000000 	 100.000000 	 5.000000 	 26.313017
2490.000000 	 100.000000 	 5.000000 	 26.325403
2500.000000 	 100.000000 	 5.000000 	 26.337549
2510.000000 	 100.000000 	 5.000000 	 26.349461
2520.000000 	 100.000000 	 5.000000 	 26.361139
2530.000000 	 100.000000 	 5.000000 	 26.372591
2540.000000 	 100.000000 	 5.000000 	 26.383821
2550.000000 	 100.000000 	 5.000000 	 26.394836
2560.000000 	 100.000000 	 5.000000 	 26.405638
2570.000000 	 100.000000 	 5.000000 	 26.416227
2580.000000 	 100.000000 	 5.000000 	 26.426613
2590.000000 	 100.000000 	 5.000000 	 26.436796
2600.000000 	 100.000000 	 5.000000 	 26.446783
2610.000000 	 100.000000 	 5.000000 	 26.456575
2620.000000 	 100.000000 	 5.000000 	 26.466177
2630.000000 	 100.000000 	 5.000000 	 26.475595
2640.000000 	 100.000000 	 5.000000 	 26.484829
2650.000000 	 100.000000 	 5.000000 	 26.493885
2660.000000 	 100.000000 	 5.000000 	 26.502766
2670.000000 	 100.000000 	 5.000000 	 26.511473
2680.000000 	 100.000000 	 5.000000 	 26.520012
2690.000000 	 100.000000 	 5.000000 	 26.528385
2700.000000 	 100.000000 	 5.000000 	 26.536596
2710.000000 	 100.000000 	 5.000000 	 26.544649
2720.000000 	 100.000000 	 5.000000 	 26.552544
2730.000000 	 100.000000 	 5.000000 	 26.560286
2740.000000 	 100.000000 	 5.000000 	 26.567879
2750.000000 	 100.000000 	 5.000000 	 26.575325
2760.000000 	 100.000000 	 5.000000 	 26.582628
2770.000000 	 100.000000 	 5.000000 	 26.589787
2780.000000 	 100.000000 	 5.000000 	 26.596807
2790.000000 	 100.000000 	 5.000000 	 26.603693
2800.000000 	 100.000000 	 5.000000 	 26.610443
2810.000000 	 100.000000 	 5.000000 	 26.617064
2820.000000 	 100.000000 	 5.000000 	 26.623554
2830.000000 	 100.000000 	 5.000000 	 26.629919
2840.000000 	 100.000000 	 5.000000 	 26.636162
2850.000000 	 100.000000 	 5.000000 	 26.642284
2860.000000 	 100.000000 	 5.000000 	 26.648289
2870.000000 	 100.000000 	 5.000000 	 26.654175
2880.000000 	 100.000000 	 5.000000 	 26.659948
2890.000000 	 100.000000 	 5.000000 	 26.665611
2900.000000 	 100.000000 	 5.000000 	 26.671162
2910.000000 	 100.000000 	 5.000000 	 26.676605
2920.000000 	 100.000000 	 5.000000 	 26.681944
2930.000000 	 100.000000 	 5.000000 	 26.687178
2940.000000 	 100.000000 	 5.000000 	 26.692310
2950.000000 	 100.000000 	 5.000000 	 26.697346
2960.000000 	 100.000000 	 5.000000 	 26.702280
2970.000000 	 100.000000 	 5.000000 	 26.707119
2980.000000 	 100.000000 	 5.000000 	 26.711866
2990.000000 	 100.000000 	 5.000000 	 26.716520
3000.000000 	 100.000000 	 5.000000 	 26.721085
3010.000000 	 100.000000 	 5.000000 	 26.725561
3020.000000 	 100.000000 	 5.000000 	 26.729950
3030.000000 	 100.000000 	 5.000000 	 26.734255
3040.000000 	 100.000000 	 5.000000 	 26.738476
3050.000000 	 100.000000 	 5.000000 	 26.742615
3060.000000 	 100.000000 	 5.000000 	 26.746672
3070.000000 	 100.000000 	 5.000000 	 26.750652
3080.000000 	 100.000000 	 5.000000 	 26.754557
3090.000000 	 100.000000 	 5.000000 	 26.758385
3100.000000 	 100.000000 	 5.000000 	 26.762136
3110.000000 	 100.000000 	 5.000000 	 26.765818
3120.000000 	 100.000000 	 5.000000 	 26.769428
3130.000000 	 100.000000 	 5.000000 	 26.772966
3140.000000 	 100.000000 	 5.000000 	 26.776436
3150.000000 	 100.000000 	 5.000000 	 26.779839
3160.000000 	 100.000000 	 5.000000 	 26.783175
3170.000000 	 100.000000 	 5.000000 	 26.786448
3180.000000 	 100.000000 	 5.000000 	 26.789656
3190.000000 	 100.000000 	 5.000000 	 26.792803
3200.000000 	 100.000000 	 5.000000 	 26.795889
3210.000000 	 100.000000 	 5.000000 	 26.798914
3220.000000 	 100.000000 	 5.000000 	 26.801882
3230.000000 	 100.000000 	 5.000000 	 26.804792
3240.000000 	 100.000000 	 5.000000 	 26.807646
3250.000000 	 100.000000 	 5.000000 	 26.810444
3260.000000 	 100.000000 	 5.000000 	 26.813187
3270.000000 	 100.000000 	 5.000000 	 26.815878
3280.000000 	 100.000000 	 5.000000 	 26.818516
3290.000000 	 100.000000 	 5.000000 	 26.821104
3300.000000 	 100.000000 	 5.000000 	 26.823641
3310.000000 	 100.000000 	 5.000000 	 26.826130
3320.000000 	 100.000000 	 5.000000 	 26.828569
3330.000000 	 100.000000 	 5.000000 	 26.830961
3340.000000 	 100.000000 	 5.000000 	 26.833305
3350.000000 	 100.000000 	 5.000000 	 26.835606
3360.000000 	 100.000000 	 5.000000 	 26.837862
3370.000000 	 100.000000 	 5.000000 	 26.840073
3380.000000 	 100.000000 	 5.000000 	 26.842243
3390.000000 	 100.000000 	 5.000000 	 26.844370
3400.000000 	 100.000000 	 5.000000 	 26.846457
3410.000000 	 100.000000 	 5.000000 	 26.848501
3420.000000 	 100.000000 	 5.000000 	 26.850508
3430.000000 	 100.000000 	 5.000000 	 26.852474
3440.000000 	 100.000000 	 5.000000 	 26.854403
3450.000000 	 100.000000 	 5.000000 	 26.856293
3460.000000 	 100.000000 	 5.000000 	 26.858149
3470.000000 	 100.000000 	 5.000000 	 26.859968
3480.000000 	 100.000000 	 5.000000 	 26.861752
3490.000000 	 100.000000 	 5.000000 	 26.863501
3500.000000 	 100.000000 	 5.000000 	 26.865215
3510.000000 	 100.000000 	 5.000000 	 26.866898
3520.000000 	 100.000000 	 5.000000 	 26.868547
3530.000000 	 100.000000 	 5.000000 	 26.870167
3540.000000 	 100.000000 	 5.000000 	 26.871754
3550.000000 	 100.000000 	 5.000000 	 26.873308
3560.000000 	 100.000000 	 5.000000 	 26.874834
3570.000000 	 100.000000 	 5.000000 	 26.876329
3580.000000 	 100.000000 	 5.000000 	 26.877796
3590.000000 	 100.000000 	 5.000000 	 26.879236
3600.000000 	 100.000000 	 5.000000 	 26.880646
3610.000000 	 100.000000 	 5.000000 	 26.882030
3620.000000 	 100.000000 	 5.000000 	 26.883387
3630.000000 	 100.000000 	 5.000000 	 26.884716
3640.000000 	 100.000000 	 5.000000 	 26.886019
3650.000000 	 100.000000 	 5.000000 	 26.887297
3660.000000 	 100.000000 	 5.000000 	 26.888552
3670.000000 	 100.000000 	 5.000000 	 26.889782
3680.000000 	 100.000000 	 5.000000 	 26.890987
3690.000000 	 100.000000 	 5.000000 	 26.892168
3700.000000 	 100.000000 	 5.000000 	 26.893328
3710.000000 	 100.000000 	 5.000000 	 26.894464
3720.000000 	 100.000000 	 5.000000 	 26.895580
3730.000000 	 100.000000 	 5.000000 	 26.896673
3740.000000 	 100.000000 	 5.000000 	 26.897745
3750.000000 	 100.000000 	 5.000000 	 26.898796
3760.000000 	 100.000000 	 5.000000 	 26.899828
3770.000000 	 100.000000 	 5.000000 	 26.900839
3780.000000 	 100.000000 	 5.000000 	 26.901831
3790.000000 	 100.000000 	 5.000000 	 26.902802
3800.000000 	 100.000000 	 5.000000 	 26.903755
3810.000000 	 100.000000 	 5.000000 	 26.904690
3820.000000 	 100.000000 	 5.000000 	 26.905605
3830.000000 	 100.000000 	 5.000000 	 26.906506
3840.000000 	 100.000000 	 5.000000 	 26.907389
3850.000000 	 100.000000 	 5.000000 	 26.908255
3860.000000 	 100.000000 	 5.000000 	 26.909103
3870.000000 	 100.000000 	 5.000000 	 26.909933
3880.000000 	 100.000000 	 5.000000 	 26.910748
3890.000000 	 100.000000 	 5.000000 	 26.911547
3900.000000 	 100.000000 	 5.000000 	 26.912331
3910.000000 	 100.000000 	 5.000000 	 26.913099
3920.000000 	 100.000000 	 5.000000 	 26.913853
3930.000000 	 100.000000 	 5.000000 	 26.914593
3940.000000 	 100.000000 	 5.000000 	 26.915318
3950.000000 	 100.000000 	 5.000000 	 26.916029
3960.000000 	 100.000000 	 5.000000 	 26.916727
3970.000000 	 100.000000 	 5.000000 	 26.917412
3980.000000 	 100.000000 	 5.000000 	 26.918083
3990.000000 	 100.000000 	 5.000000 	 26.918741
4000.000000 	 100.000000 	 5.000000 	 26.919386
4010.000000 	 100.000000 	 5.000000 	 26.920019
4020.000000 	 100.000000 	 5.000000 	 26.920639
4030.000000 	 100.000000 	 5.000000 	 26.921246
4040.000000 	 100.000000 	 5.000000 	 26.921843
4050.000000 	 100.000000 	 5.000000 	 26.922426
4060.000000 	 100.000000 	 5.000000 	 26.923000
4070.000000 	 100.000000 	 5.000000 	 26.923563
4080.000000 	 100.000000 	 5.000000 	 26.924114
4090.000000 	 100.000000 	 5.000000 	 26.924654
4100.000000 	 100.000000 	 5.000000 	 26.925184
4110.000000 	 100.000000 	 5.000000 	 26.925705
4120.000000 	 100.000000 	 5.000000 	 26.926216
4130.000000 	 100.000000 	 5.000000 	 26.926718
4140.000000 	 100.000000 	 5.000000 	 26.927206
4150.000000 	 100.000000 	 5.000000 	 26.927687
4160.000000 	 100.000000 	 5.000000 	 26.928158
4170.000000 	 100.000000 	 5.000000 	 26.928619
4180.000000 	 100.000000 	 5.000000 	 26.929073
4190.000000 	 100.000000 	 5.000000 	 26.929518
4200.000000 	 100.000000 	 5.000000 	 26.929955
4210.000000 	 100.000000 	 5.000000 	 26.930382
4220.000000 	 100.000000 	 5.000000 	 26.930801
4230.000000 	 100.000000 	 5.000000 	 26.931213
4240.000000 	 100.000000 	 5.000000 	 26.931618
4250.000000 	 100.000000 	 5.000000 	 26.932013
4260.000000 	 100.000000 	 5.000000 	 26.932400
4270.000000 	 100.000000 	 5.000000 	 26.932779
4280.000000 	 100.000000 	 5.000000 	 26.933153
4290.000000 	 100.000000 	 5.000000 	 26.933519
4300.000000 	 100.000000 	 5.000000 	 26.933876
4310.000000 	 100.000000 	 5.000000 	 26.934227
4320.000000 	 100.000000 	 5.000000 	 26.934572
4330.000000 	 100.000000 	 5.000000 	 26.934912
4340.000000 	 100.000000 	 5.000000 	 26.935242
4350.000000 	 100.000000 	 5.000000 	 26.935566
4360.000000 	 100.000000 	 5.000000 	 26.935883
4370.000000 	 100.000000 	 5.000000 	 26.936195
4380.000000 	 100.000000 	 5.000000 	 26.936501
4390.000000 	 100.000000 	 5.000000 	 26.936802
4400.000000 	 100.000000 	 5.000000 	 26.937098
4410.000000 	 100.000000 	 5.000000 	 26.937386
4420.000000 	 100.000000 	 5.000000 	 26.937670
4430.000000 	 100.000000 	 5.000000 	 26.937946
4440.000000 	 100.000000 	 5.000000 	 26.938219
4450.000000 	 100.000000 	 5.000000 	 26.938486
4460.000000 	 100.000000 	 5.000000 	 26.938749
4470.000000 	 100.000000 	 5.000000 	 26.939007
4480.000000 	 100.000000 	 5.000000 	 26.939257
4490.000000 	 100.000000 	 5.000000 	 26.939503
4500.000000 	 100.000000 	 5.000000 	 26.939745
4510.000000 	 100.000000 	 5.000000 	 26.939981
4520.000000 	 100.000000 	 5.000000 	 26.940214
4530.000000 	 100.000000 	 5.000000 	 26.940443
4540.000000 	 100.000000 	 5.000000 	 26.940668
4550.000000 	 100.000000 	 5.000000 	 26.940887
4560.000000 	 100.000000 	 5.000000 	 26.941103
4570.000000 	 100.000000 	 5.000000 	 26.941313
4580.000000 	 100.000000 	 5.000000 	 26.941519
4590.000000 	 100.000000 	 5.000000 	 26.941723
4600.000000 	 100.000000 	 5.000000 	 26.941921
4610.000000 	 100.000000 	 5.000000 	 26.942116
4620.000000 	 100.000000 	 5.000000 	 26.942307
4630.000000 	 100.000000 	 5.000000 	 26.942493
4640.000000 	 100.000000 	 5.000000 	 26.942677
4650.000000 	 100.000000 	 5.000000 	 26.942856
4660.000000 	 100.000000 	 5.000000 	 26.943033
4670.000000 	 100.000000 	 5.000000 	 26.943207
4680.000000 	 100.000000 	 5.000000 	 26.943377
4690.000000 	 100.000000 	 5.000000 	 26.943542
4700.000000 	 100.000000 	 5.000000 	 26.943707
4710.000000 	 100.000000 	 5.000000 	 26.943867
4720.000000 	 100.000000 	 5.000000 	 26.944025
4730.000000 	 100.000000 	 5.000000 	 26.944180
4740.000000 	 100.000000 	 5.000000 	 26.944330
4750.000000 	 100.000000 	 5.000000 	 26.944479
4760.000000 	 100.000000 	 5.000000 	 26.944624
4770.000000 	 100.000000 	 5.000000 	 26.944765
4780.000000 	 100.000000 	 5.000000 	 26.944906
4790.000000 	 100.000000 	 5.000000 	 26.945044
4800.000000 	 100.000000 	 5.000000 	 26.945177
4810.000000 	 100.000000 	 5.000000 	 26.945311
4820.000000 	 100.000000 	 5.000000 	 26.945440
4830.000000 	 100.000000 	 5.000000 	 26.945568
4840.000000 	 100.000000 	 5.000000 	 26.945694
4850.000000 	 100.000000 	 5.000000 	 26.945816
4860.000000 	 100.000000 	 5.000000 	 26.945934
4870.000000 	 100.000000 	 5.000000 	 26.946051
4880.000000 	 100.000000 	 5.000000 	 26.946167
4890.000000 	 100.000000 	 5.000000 	 26.946280
4900.000000 	 100.000000 	 5.000000 	 26.946392
4910.000000 	 100.000000 	 5.000000 	 26.946501
4920.000000 	 100.000000 	 5.000000 	 26.946608
4930.000000 	 100.000000 	 5.000000 	 26.946712
4940.000000 	 100.000000 	 5.000000 	 26.946815
4950.000000 	 100.000000 	 5.000000 	 26.946917
4960.000000 	 100.000000 	 5.000000 	 26.947016
4970.000000 	 100.000000 	 5.000000 	 26.947113
4980.000000 	 100.000000 	 5.000000 	 26.947208
4990.000000 	 100.000000 	 5.000000 	 26.947302
5000.000000 	 100.000000 	 5.000000 	 26.947392
5010.000000 	 100.000000 	 5.000000 	 26.947479
5020.000000 	 100.000000 	 5.000000 	 26.947567
5030.000000 	 100.000000 	 5.000000 	 26.947653
5040.000000 	 100.000000 	 5.000000 	 26.947739
5050.000000 	 100.000000 	 5.000000 	 26.947821
5060.000000 	 100.000000 	 5.000000 	 26.947901
5070.000000 	 100.000000 	 5.000000 	 26.947979
5080.000000 	 100.000000 	 5.000000 	 26.948057
5090.000000 	 100.000000 	 5.000000 	 26.948133
5100.000000 	 100.000000 	 5.000000 	 26.948208
5110.000000 	 100.000000 	 5.000000 	 26.948282
5120.000000 	 100.000000 	 5.000000 	 26.948355
5130.000000 	 100.000000 	 5.000000 	 26.948427
5140.000000 	 100.000000 	 5.000000 	 26.948498
5150.000000 	 100.000000 	 5.000000 	 26.948566
5160.000000 	 100.000000 	 5.000000 	 26.948631
5170.000000 	 100.000000 	 5.000000 	 26.948696
5180.000000 	 100.000000 	 5.000000 	 26.948759
5190.000000 	 100.000000 	 5.000000 	 26.948822
5200.000000 	 100.000000 	 5.000000 	 26.948883
5210.000000 	 100.000000 	 5.000000 	 26.948944
5220.000000 	 100.000000 	 5.000000 	 26.949003
5230.000000 	 100.000000 	 5.000000 	 26.949060
5240.000000 	 100.000000 	 5.000000 	 26.949118
5250.000000 	 100.000000 	 5.000000 	 26.949175
5260.000000 	 100.000000 	 5.000000 	 26.949230
5270.000000 	 100.000000 	 5.000000 	 26.949284
5280.000000 	 100.000000 	 5.000000 	 26.949337
5290.000000 	 100.000000 	 5.000000 	 26.949389
5300.000000 	 100.000000 	 5.000000 	 26.949438
5310.000000 	 100.000000 	 5.000000 	 26.949490
5320.000000 	 100.000000 	 5.000000 	 26.949539
5330.000000 	 100.000000 	 5.000000 	 26.949585
5340.000000 	 100.000000 	 5.000000 	 26.949631
5350.000000 	 100.000000 	 5.000000 	 26.949677
5360.000000 	 100.000000 	 5.000000 	 26.949720
5370.000000 	 100.000000 	 5.000000 	 26.949766
5380.000000 	 100.000000 	 5.000000 	 26.949810
5390.000000 	 100.000000 	 5.000000 	 26.949854
5400.000000 	 100.000000 	 5.000000 	 26.949896
5410.000000 	 100.000000 	 5.000000 	 26.949936
5420.000000 	 100.000000 	 5.000000 	 26.949976
5430.000000 	 100.000000 	 5.000000 	 26.950016
5440.000000 	 100.000000 	 5.000000 	 26.950054
5450.000000 	 100.000000 	 5.000000 	 26.950092
5460.000000 	 100.000000 	 5.000000 	 26.950130
5470.000000 	 100.000000 	 5.000000 	 26.950169
5480.000000 	 100.000000 	 5.000000 	 26.950203
5490.000000 	 100.000000 	 5.000000 	 26.950239
5500.000000 	 100.000000 	 5.000000 	 26.950274
5510.000000 	 100.000000 	 5.000000 	 26.950308
5520.000000 	 100.000000 	 5.000000 	 26.950340
5530.000000 	 100.000000 	 5.000000 	 26.950371
5540.000000 	 100.000000 	 5.000000 	 26.950401
5550.000000 	 100.000000 	 5.000000 	 26.950434
5560.000000 	 100.000000 	 5.000000 	 26.950464
5570.000000 	 100.000000 	 5.000000 	 26.950495
5580.000000 	 100.000000 	 5.000000 	 26.950525
5590.000000 	 100.000000 	 5.000000 	 26.950554
5600.000000 	 100.000000 	 5.000000 	 26.950583
5610.000000 	 100.000000 	 5.000000 	 26.950611
5620.000000 	 100.000000 	 5.000000 	 26.950638
5630.000000 	 100.000000 	 5.000000 	 26.950665
5640.000000 	 100.000000 	 5.000000 	 26.950691
5650.000000 	 100.000000 	 5.000000 	 26.950716
5660.000000 	 100.000000 	 5.000000 	 26.950741
5670.000000 	 100.000000 	 5.000000 	 26.950764
5680.000000 	 100.000000 	 5.000000 	 26.950788
5690.000000 	 100.000000 	 5.000000 	 26.950811
5700.000000 	 100.000000 	 5.000000 	 26.950834
5710.000000 	 100.000000 	 5.000000 	 26.950857
5720.000000 	 100.000000 	 5.000000 	 26.950880
5730.000000 	 100.000000 	 5.000000 	 26.950901
5740.000000 	 100.000000 	 5.000000 	 26.950922
5750.000000 	 100.000000 	 5.000000 	 26.950943
5760.000000 	 100.000000 	 5.000000 	 26.950962
5770.000000 	 100.000000 	 5.000000 	 26.950981
5780.000000 	 100.000000 	 5.000000 	 26.951000
5790.000000 	 100.000000 	 5.000000 	 26.951019
5800.000000 	 100.000000 	 5.000000 	 26.951038
5810.000000 	 100.000000 	 5.000000 	 26.951057
5820.000000 	 100.000000 	 5.000000 	 26.951077
5830.000000 	 100.000000 	 5.000000 	 26.951096
5840.000000 	 100.000000 	 5.000000 	 26.951115
5850.000000 	 100.000000 	 5.000000 	 26.951130
5860.000000 	 100.000000 	 5.000000 	 26.951147
5870.000000 	 100.000000 	 5.000000 	 26.951164
5880.000000 	 100.000000 	 5.000000 	 26.951181
5890.000000 	 100.000000 	 5.000000 	 26.951197
5900.000000 	 100.000000 	 5.000000 	 26.951212
5910.000000 	 100.000000 	 5.000000 	 26.951227
5920.000000 	 100.000000 	 5.000000 	 26.951242
5930.000000 	 100.000000 	 5.000000 	 26.951256
5940.000000 	 100.000000 	 5.000000 	 26.951271
5950.000000 	 100.000000 	 5.000000 	 26.951284
5960.000000 	 100.000000 	 5.000000 	 26.951300
5970.000000 	 100.000000 	 5.000000 	 26.951313
5980.000000 	 100.000000 	 5.000000 	 26.951326
5990.000000 	 100.000000 	 5.000000 	 26.951340
6000.000000 	 100.000000 	 5.000000 	 26.951353
6010.000000 	 100.000000 	 5.000000 	 26.951365
6020.000000 	 100.000000 	 5.000000 	 26.951376
6030.000000 	 100.000000 	 5.000000 	 26.951389
6040.000000 	 100.000000 	 5.000000 	 26.951401
6050.000000 	 100.000000 	 5.000000 	 26.951412
6060.000000 	 100.000000 	 5.000000 	 26.951424
6070.000000 	 100.000000 	 5.000000 	 26.951433
6080.000000 	 100.000000 	 5.000000 	 26.951443
6090.000000 	 100.000000 	 5.000000 	 26.951452
6100.000000 	 100.000000 	 5.000000 	 26.951462
6110.000000 	 100.000000 	 5.000000 	 26.951471
6120.000000 	 100.000000 	 5.000000 	 26.951481
6130.000000 	 100.000000 	 5.000000 	 26.951490
6140.000000 	 100.000000 	 5.000000 	 26.951500
6150.000000 	 100.000000 	 5.000000 	 26.951509
6160.000000 	 100.000000 	 5.000000 	 26.951519
6170.000000 	 100.000000 	 5.000000 	 26.951529
6180.000000 	 100.000000 	 5.000000 	 26.951538
6190.000000 	 100.000000 	 5.000000 	 26.951548
6200.000000 	 100.000000 	 5.000000 	 26.951557
6210.000000 	 100.000000 	 5.000000 	 26.951567
6220.000000 	 100.000000 	 5.000000 	 26.951576
6230.000000 	 100.000000 	 5.000000 	 26.951586
6240.000000 	 100.000000 	 5.000000 	 26.951595
6250.000000 	 100.000000 	 5.000000 	 26.951605
6260.000000 	 100.000000 	 5.000000 	 26.951614
6270.000000 	 100.000000 	 5.000000 	 26.951624
6280.000000 	 100.000000 	 5.000000 	 26.951630
6290.000000 	 100.000000 	 5.000000 	 26.951637
6300.000000 	 100.000000 	 5.000000 	 26.951645
6310.000000 	 100.000000 	 5.000000 	 26.951651
6320.000000 	 100.000000 	 5.000000 	 26.951658
6330.000000 	 100.000000 	 5.000000 	 26.951666
6340.000000 	 100.000000 	 5.000000 	 26.951674
6350.000000 	 100.000000 	 5.000000 	 26.951679
6360.000000 	 100.000000 	 5.000000 	 26.951685
6370.000000 	 100.000000 	 5.000000 	 26.951691
6380.000000 	 100.000000 	 5.000000 	 26.951696
6390.000000 	 100.000000 	 5.000000 	 26.951704
6400.000000 	 100.000000 	 5.000000 	 26.951710
6410.000000 	 100.000000 	 5.000000 	 26.951715
6420.000000 	 100.000000 	 5.000000 	 26.951719
6430.000000 	 100.000000 	 5.000000 	 26.951725
6440.000000 	 100.000000 	 5.000000 	 26.951729
6450.000000 	 100.000000 	 5.000000 	 26.951735
6460.000000 	 100.000000 	 5.000000 	 26.951738
6470.000000 	 100.000000 	 5.000000 	 26.951744
6480.000000 	 100.000000 	 5.000000 	 26.951748
6490.000000 	 100.000000 	 5.000000 	 26.951754
6500.000000 	 100.000000 	 5.000000 	 26.951757
6510.000000 	 100.000000 	 5.000000 	 26.951763
6520.000000 	 100.000000 	 5.000000 	 26.951767
6530.000000 	 100.000000 	 5.000000 	 26.951773
6540.000000 	 100.000000 	 5.000000 	 26.951777
6550.000000 	 100.000000 	 5.000000 	 26.951782
6560.000000 	 100.000000 	 5.000000 	 26.951786
6570.000000 	 100.000000 	 5.000000 	 26.951792
6580.000000 	 100.000000 	 5.000000 	 26.951796
6590.000000 	 100.000000 	 5.000000 	 26.951801
6600.000000 	 100.000000 	 5.000000 	 26.951805
6610.000000 	 100.000000 	 5.000000 	 26.951811
6620.000000 	 100.000000 	 5.000000 	 26.951815
6630.000000 	 100.000000 	 5.000000 	 26.951818
6640.000000 	 100.000000 	 5.000000 	 26.951822
6650.000000 	 100.000000 	 5.000000 	 26.951826
6660.000000 	 100.000000 	 5.000000 	 26.951828
6670.000000 	 100.000000 	 5.000000 	 26.951832
6680.000000 	 100.000000 	 5.000000 	 26.951836
6690.000000 	 100.000000 	 5.000000 	 26.951838
6700.000000 	 100.000000 	 5.000000 	 26.951841
6710.000000 	 100.000000 	 5.000000 	 26.951845
6720.000000 	 100.000000 	 5.000000 	 26.951847
6730.000000 	 100.000000 	 5.000000 	 26.951851
6740.000000 	 100.000000 	 5.000000 	 26.951855
6750.000000 	 100.000000 	 5.000000 	 26.951857
6760.000000 	 100.000000 	 5.000000 	 26.951860
6770.000000 	 100.000000 	 5.000000 	 26.951862
6780.000000 	 100.000000 	 5.000000 	 26.951864
6790.000000 	 100.000000 	 5.000000 	 26.951866
6800.000000 	 100.000000 	 5.000000 	 26.951870
6810.000000 	 100.000000 	 5.000000 	 26.951872
6820.000000 	 100.000000 	 5.000000 	 26.951874
6830.000000 	 100.000000 	 5.000000 	 26.951876
6840.000000 	 100.000000 	 5.000000 	 26.951878
6850.000000 	 100.000000 	 5.000000 	 26.951881
6860.000000 	 100.000000 	 5.000000 	 26.951883
6870.000000 	 100.000000 	 5.000000 	 26.951885
6880.000000 	 100.000000 	 5.000000 	 26.951887
6890.000000 	 100.000000 	 5.000000 	 26.951891
6900.000000 	 100.000000 	 5.000000 	 26.951893
6910.000000 	 100.000000 	 5.000000 	 26.951895
6920.000000 	 100.000000 	 5.000000 	 26.951897
6930.000000 	 100.000000 	 5.000000 	 26.951900
6940.000000 	 100.000000 	 5.000000 	 26.951902
6950.000000 	 100.000000 	 5.000000 	 26.951904
6960.000000 	 100.000000 	 5.000000 	 26.951906
6970.000000 	 100.000000 	 5.000000 	 26.951906
6980.000000 	 100.000000 	 5.000000 	 26.951906
6990.000000 	 100.000000 	 5.000000 	 26.951906
7000.000000 	 100.000000 	 5.000000 	 26.951906
7010.000000 	 100.000000 	 5.000000 	 26.951906
7020.000000 	 100.000000 	 5.000000 	 26.951906
7030.000000 	 100.000000 	 5.000000 	 26.951906
7040.000000 	 100.000000 	 5.000000 	 26.951906
7050.000000 	 100.000000 	 5.000000 	 26.951906
7060.000000 	 100.000000 	 5.000000 	 26.951906
7070.000000 	 100.000000 	 5.000000 	 26.951906
7080.000000 	 100.000000 	 5.000000 	 26.951906
7090.000000 	 100.000000 	 5.000000 	 26.951906
7100.000000 	 100.000000 	 5.000000 	 26.951906
7110.000000 	 100.000000 	 5.000000 	 26.951906
7120.000000 	 100.000000 	 5.000000 	 26.951906
7130.000000 	 100.000000 	 5.000000 	 26.951906
7140.000000 	 100.000000 	 5.000000 	 26.951906
7150.000000 	 100.000000 	 5.000000 	 26.951906
7160.000000 	 100.000000 	 5.000000 	 26.951906
7170.000000 	 100.000000 	 5.000000 	 26.951906
7180.000000 	 100.000000 	 5.000000 	 26.951906
7190.000000 	 100.000000 	 5.000000 	 26.951906
7200.000000 	 100.000000 	 5.000000 	 26.951906
7210.000000 	 100.000000 	 5.000000 	 26.951906
7220.000000 	 100.000000 	 5.000000 	 26.951906
7230.000000 	 100.000000 	 5.000000 	 26.951906
7240.000000 	 100.000000 	 5.000000 	 26.951906
7250.000000 	 100.000000 	 5.000000 	 26.951906
7260.000000 	 100.000000 	 5.000000 	 26.951906
7270.000000 	 100.000000 	 5.000000 	 26.951906
7280.000000 	 100.000000 	 5.000000 	 26.951906
7290.000000 	 100.000000 	 5.000000 	 26.951906
7300.000000 	 100.000000 	 5.000000 	 26.951906
7310.000000 	 100.000000 	 5.000000 	 26.951906
7320.000000 	 100.000000 	 5.000000 	 26.951906
7330.000000 	 100.000000 	 5.000000 	 26.951906
7340.000000 	 100.000000 	 5.000000 	 26.951906
7350.000000 	 100.000000 	 5.000000 	 26.951906
7360.000000 	 100.000000 	 5.000000 	 26.951906
7370.000000 	 100.000000 	 5.000000 	 26.951906
7380.000000 	 100.000000 	 5.000000 	 26.951906
7390.000000 	 100.000000 	 5.000000 	 26.951906
7400.000000 	 100.000000 	 5.000000 	 26.951906
7410.000000 	 100.000000 	 5.000000 	 26.951906
7420.000000 	 100.000000 	 5.000000 	 26.951906
7430.000000 	 100.000000 	 5.000000 	 26.951906
7440.000000 	 100.000000 	 5.000000 	 26.951906
7450.000000 	 100.000000 	 5.000000 	 26.951906
7460.000000 	 100.000000 	 5.000000 	 26.951906
7470.000000 	 100.000000 	 5.000000 	 26.951906
7480.000000 	 100.000000 	 5.000000 	 26.951906
7490.000000 	 100.000000 	 5.000000 	 26.951906
7500.000000 	 100.000000 	 5.000000 	 26.951906
7510.000000 	 100.000000 	 5.000000 	 26.951906
7520.000000 	 100.000000 	 5.000000 	 26.951906
7530.000000 	 100.000000 	 5.000000 	 26.951906
7540.000000 	 100.000000 	 5.000000 	 26.951906
7550.000000 	 100.000000 	 5.000000 	 26.951906
7560.000000 	 100.000000 	 5.000000 	 26.951906
7570.000000 	 100.000000 	 5.000000 	 26.951906
7580.000000 	 100.000000 	 5.000000 	 26.951906
7590.000000 	 100.000000 	 5.000000 	 26.951906
7600.000000 	 100.000000 	 5.000000 	 26.951906
7610.000000 	 100.000000 	 5.000000 	 26.951906
7620.000000 	 100.000000 	 5.000000 	 26.951906
7630.000000 	 100.000000 	 5.000000 	 26.951906
7640.000000 	 100.000000 	 5.000000 	 26.951906
7650.000000 	 100.000000 	 5.000000 	 26.951906
7660.000000 	 100.000000 	 5.000000 	 26.951906
7670.000000 	 100.000000 	 5.000000 	 26.951906
7680.000000 	 100.000000 	 5.000000 	 26.951906
7690.000000 	 100.000000 	 5.000000 	 26.951906
7700.000000 	 100.000000 	 5.000000 	 26.951906
7710.000000 	 100.000000 	 5.000000 	 26.951906
7720.000000 	 100.000000 	 5.000000 	 26.951906
7730.000000 	 100.000000 	 5.000000 	 26.951906
7740.000000 	 100.000000 	 5.000000 	 26.951906
7750.000000 	 100.000000 	 5.000000 	 26.951906
7760.000000 	 100.000000 	 5.000000 	 26.951906
7770.000000 	 100.000000 	 5.000000 	 26.951906
7780.000000 	 100.000000 	 5.000000 	 26.951906
7790.000000 	 100.000000 	 5.000000 	 26.951906
7800.000000 	 100.000000 	 5.000000 	 26.951906
7810.000000 	 100.000000 	 5.000000 	 26.951906
7820.000000 	 100.000000 	 5.000000 	 26.951906
7830.000000 	 100.000000 	 5.000000 	 26.951906
7840.000000 	 100.000000 	 5.000000 	 26.951906
7850.000000 	 100.000000 	 5.000000 	 26.951906
7860.000000 	 100.000000 	 5.000000 	 26.951906
7870.000000 	 100.000000 	 5.000000 	 26.951906
7880.000000 	 100.000000 	 5.000000 	 26.951906
7890.000000 	 100.000000 	 5.000000 	 26.951906
7900.000000 	 100.000000 	 5.000000 	 26.951906
7910.000000 	 100.000000 	 5.000000 	 26.951906
7920.000000 	 100.000000 	 5.000000 	 26.951906
7930.000000 	 100.000000 	 5.000000 	 26.951906
7940.000000 	 100.000000 	 5.000000 	 26.951906
7950.000000 	 100.000000 	 5.000000 	 26.951906
7960.000000 	 100.000000 	 5.000000 	 26.951906
7970.000000 	 100.000000 	 5.000000 	 26.951906
7980.000000 	 100.000000 	 5.000000 	 26.951906
7990.000000 	 100.000000 	 5.000000 	 26.951906
8000.000000 	 100.000000 	 5.000000 	 26.951906
8010.000000 	 100.000000 	 5.000000 	 26.951906
8020.000000 	 100.000000 	 5.000000 	 26.951906
8030.000000 	 100.000000 	 5.000000 	 26.951906
8040.000000 	 100.000000 	 5.000000 	 26.951906
8050.000000 	 100.000000 	 5.000000 	 26.951906
8060.000000 	 100.000000 	 5.000000 	 26.951906
8070.000000 	 100.000000 	 5.000000 	 26.951906
8080.000000 	 100.000000 	 5.000000 	 26.951906
8090.000000 	 100.000000 	 5.000000 	 26.951906
8100.000000 	 100.000000 	 5.000000 	 26.951906
8110.000000 	 100.000000 	 5.000000 	 26.951906
8120.000000 	 100.000000 	 5.000000 	 26.951906
8130.000000 	 100.000000 	 5.000000 	 26.951906
8140.000000 	 100.000000 	 5.000000 	 26.951906
8150.000000 	 100.000000 	 5.000000 	 26.951906
8160.000000 	 100.000000 	 5.000000 	 26.951906
8170.000000 	 100.000000 	 5.000000 	 26.951906
8180.000000 	 100.000000 	 5.000000 	 26.951906
8190.000000 	 100.000000 	 5.000000 	 26.951906
8200.000000 	 100.000000 	 5.000000 	 26.951906
8210.000000 	 100.000000 	 5.000000 	 26.951906
8220.000000 	 100.000000 	 5.000000 	 26.951906
8230.000000 	 100.000000 	 5.000000 	 26.951906
8240.000000 	 100.000000 	 5.000000 	 26.951906
8250.000000 	 100.000000 	 5.000000 	 26.951906
8260.000000 	 100.000000 	 5.000000 	 26.951906
8270.000000 	 100.000000 	 5.000000 	 26.951906
8280.000000 	 100.000000 	 5.000000 	 26.951906
8290.000000 	 100.000000 	 5.000000 	 26.951906
8300.000000 	 100.000000 	 5.000000 	 26.951906
8310.000000 	 100.000000 	 5.000000 	 26.951906
8320.000000 	 100.000000 	 5.000000 	 26.951906
8330.000000 	 100.000000 	 5.000000 	 26.951906
8340.000000 	 100.000000 	 5.000000 	 26.951906
8350.000000 	 100.000000 	 5.000000 	 26.951906
8360.000000 	 100.000000 	 5.000000 	 26.951906
8370.000000 	 100.000000 	 5.000000 	 26.951906
8380.000000 	 100.000000 	 5.000000 	 26.951906
8390.000000 	 100.000000 	 5.000000 	 26.951906
8400.000000 	 100.000000 	 5.000000 	 26.951906
8410.000000 	 100.000000 	 5.000000 	 26.951906
8420.000000 	 100.000000 	 5.000000 	 26.951906
8430.000000 	 100.000000 	 5.000000 	 26.951906
8440.000000 	 100.000000 	 5.000000 	 26.951906
8450.000000 	 100.000000 	 5.000000 	 26.951906
8460.000000 	 100.000000 	 5.000000 	 26.951906
8470.000000 	 100.000000 	 5.000000 	 26.951906
8480.000000 	 100.000000 	 5.000000 	 26.951906
8490.000000 	 100.000000 	 5.000000 	 26.951906
8500.000000 	 100.000000 	 5.000000 	 26.951906
8510.000000 	 100.000000 	 5.000000 	 26.951906
8520.000000 	 100.000000 	 5.000000 	 26.951906
8530.000000 	 100.000000 	 5.000000 	 26.951906
8540.000000 	 100.000000 	 5.000000 	 26.951906
8550.000000 	 100.000000 	 5.000000 	 26.951906
8560.000000 	 100.000000 	 5.000000 	 26.951906
8570.000000 	 100.000000 	 5.000000 	 26.951906
8580.000000 	 